{
 "cells": [
  {
   "cell_type": "markdown",
   "id": "a0051d62",
   "metadata": {},
   "source": [
    "# Лабораторная работа №1\n",
    "## Выполнил студент группы БСТ 2002 Елисеев В.А.\n",
    "### Задание 1. "
   ]
  },
  {
   "cell_type": "code",
   "execution_count": 1,
   "id": "dbd9f023",
   "metadata": {},
   "outputs": [
    {
     "name": "stdout",
     "output_type": "stream",
     "text": [
      "Hello, World!\n"
     ]
    }
   ],
   "source": [
    "print(\"Hello, World!\")"
   ]
  },
  {
   "cell_type": "markdown",
   "id": "80b0d48a",
   "metadata": {},
   "source": [
    "### Задание 2.\n",
    "Написать генератор случайных матриц(многомерных), который принимает\n",
    "опциональные параметры m, n, min_limit, max_limit, где m и n указывают размер\n",
    "матрицы, а min_lim и max_lim - минимальное и максимальное значение для\n",
    "генерируемого числа.\n",
    ". По умолчанию при отсутствии параметров принимать следующие\n",
    "значения:\n",
    "m = 50\n",
    "n = 50\n",
    "min_limit = -250\n",
    "max_limit = 1000 + (номер своего варианта)\n",
    "У меня 7 вариант."
   ]
  },
  {
   "cell_type": "code",
   "execution_count": 4,
   "id": "1979904a",
   "metadata": {},
   "outputs": [
    {
     "name": "stdout",
     "output_type": "stream",
     "text": [
      "m = 20\n",
      "n = 20\n",
      "min_limit = -10\n",
      "max_limit = 30\n",
      "Готовая матрица:\n",
      "[9, 20, 28, 16, 30, 12, -4, -8, -1, 9, 21, 20, 17, 28, 3, 6, 0, 9, -5, 21]\n",
      "[26, -5, -2, 27, 23, 14, 21, 21, 19, 11, 6, 2, 7, -3, 8, 5, -1, 20, 24, 5]\n",
      "[4, -6, -4, 14, -3, 5, 16, 12, 23, 14, 18, 22, 21, -3, -6, -8, 0, -7, 10, -10]\n",
      "[13, 5, 29, 4, 25, -1, 26, -10, 27, 12, 6, -9, -7, -4, -9, 3, 9, 22, 4, 19]\n",
      "[8, -8, -2, 10, 0, 3, 3, 4, -10, 30, 5, 19, 21, 26, 11, -1, 26, 16, 2, -5]\n",
      "[28, 1, -5, 6, -3, -10, -7, 0, 14, 18, -6, 30, 6, -2, 26, 21, 6, 1, 6, 22]\n",
      "[-2, -7, 29, 19, 8, 28, 24, 7, 28, 19, 1, 23, 14, 11, 5, -8, 7, 27, 0, 1]\n",
      "[5, -6, 12, 9, -4, -5, -2, 7, 25, 13, -2, -3, -10, 4, -7, -1, 22, -7, 0, 3]\n",
      "[8, 6, 4, 23, -3, 2, 12, -9, 22, 13, 7, 14, 9, -7, 25, 6, 27, 22, 11, 18]\n",
      "[30, -1, 2, 22, 24, 11, 4, -3, 21, -4, 9, -5, 16, 24, 7, 26, 23, 10, 13, 18]\n",
      "[15, 8, 11, 5, 15, 2, 17, 25, -6, 10, 11, 16, 20, 23, 30, 14, -7, 11, 20, 19]\n",
      "[0, 12, 17, 7, 2, -10, -8, 8, 28, -9, -5, -10, 8, 22, 26, -9, 9, 17, 16, 29]\n",
      "[7, 25, 25, 30, 20, -1, 1, 11, -7, 9, 2, -7, 30, 19, 15, 30, 12, 24, 7, -2]\n",
      "[16, -10, 27, 27, 19, 4, 14, -5, -9, 14, -8, 0, 3, 17, -1, 24, 2, 3, 7, -3]\n",
      "[15, 27, 30, 26, -2, 15, 24, -10, 17, 5, 23, 30, 22, 17, -2, 2, 1, 25, 21, 7]\n",
      "[26, 9, 30, -2, -10, 0, 3, 18, 8, 14, 2, 18, 14, 24, 20, -5, -4, 8, 22, 20]\n",
      "[-4, 5, 6, -5, 18, 5, -2, 5, 17, 1, 7, 22, 7, 6, 27, 13, 16, 11, 6, 22]\n",
      "[0, 29, 25, 15, 26, 5, 10, 14, 27, 24, -5, 4, 13, 27, 15, -4, 6, 22, 18, 15]\n",
      "[-5, 16, 30, -5, 16, 1, 4, 1, 2, -6, 27, -1, 24, -1, 30, 18, 3, 0, -5, 1]\n",
      "[22, 22, 4, 6, 1, 9, 0, 3, 4, 15, 10, 7, 13, 10, 5, -9, -5, 7, 10, 24]\n"
     ]
    }
   ],
   "source": [
    "import random\n",
    "\n",
    "# m - кол-во строк в матрице\n",
    "m  = int(input('m = '))\n",
    "# n - кол-во столбцов в матрице\n",
    "n  = int(input('n = '))\n",
    "if m <= 0:\n",
    "    m = 50\n",
    "if n <= 0:\n",
    "    n = 50\n",
    "\n",
    "min_limit = int(input('min_limit = '))\n",
    "max_limit = int(input('max_limit = '))\n",
    "\n",
    "# Ниже проверки на криворукость пользователя\n",
    "if min_limit == 0:\n",
    "    min_limit = -250\n",
    "if max_limit == 0:\n",
    "    max_limit = 1000 + 7\n",
    "if min_limit > max_limit:\n",
    "    min_limit = -250\n",
    "    max_limit = 1000 + 7\n",
    "# Генерация матрицы из чисел заданного диапазона\n",
    "Matrix = [[random.randint(min_limit, max_limit) for j in range(n)] for i in range(m)]\n",
    "print(\"Готовая матрица:\")\n",
    "# Выводим матрицу построчно\n",
    "for i in range(m):\n",
    "    print(Matrix[i])"
   ]
  },
  {
   "cell_type": "markdown",
   "id": "811cc638",
   "metadata": {},
   "source": [
    "### Задание 3.\n",
    "Реализовать методы сортировки строк числовой матрицы в соответствии с\n",
    "заданием. Оценить время работы каждого алгоритма сортировки и сравнить его со\n",
    "временем стандартной функции сортировки. Испытания проводить на сгенерированных\n",
    "матрицах.\n",
    "Выбором | Вставкой | Обменом | Шелла | Турнирная | Быстрая сортировка | Пирамидальная"
   ]
  },
  {
   "cell_type": "code",
   "execution_count": 3,
   "id": "f0821a9d",
   "metadata": {},
   "outputs": [
    {
     "name": "stdout",
     "output_type": "stream",
     "text": [
      "m = 30\n",
      "n = 30\n",
      "min_limit = -100\n",
      "max_limit = 1250\n",
      "Матрица:\n",
      "[600, -44, 811, 603, 420, 918, 318, 1247, 94, 910, 341, 160, 1036, 386, 1141, 1117, 1195, 1051, 185, 1242, -30, 90, 1168, 795, 558, 580, 232, -65, 295, 648]\n",
      "[384, 97, 228, 930, 591, -81, 724, 614, 1149, 332, 369, 902, 1115, 677, 620, 375, 92, 668, 1243, 1039, 94, 326, 305, 409, 1192, -83, 1119, 86, 623, 898]\n",
      "[435, 944, 897, 200, 422, 1246, 709, 648, 1142, 36, 69, 1247, 32, 806, 502, 341, 236, 1239, 1153, 600, 362, 577, 965, 253, 906, 36, 368, 1083, -35, 827]\n",
      "[219, 337, 460, 681, 278, -97, 1207, 267, 903, 740, 860, 785, 356, -96, 219, 875, 665, 560, 1026, 99, 369, 1244, 560, -12, 664, 1250, 511, 961, 590, 815]\n",
      "[1235, 609, 808, 271, 995, 776, 811, 351, 173, 1018, 693, 389, 418, 161, 1121, 744, 306, 282, 939, 428, 227, 177, 653, 469, 296, 731, -34, 65, 1210, 653]\n",
      "[805, 957, 935, -8, -49, 906, 1031, 940, 954, 459, 308, 684, 195, 1139, 894, 126, 356, 4, 19, 297, 1188, 709, 1144, 65, 350, 105, 1229, 335, 995, 300]\n",
      "[159, 189, 277, 212, -7, 57, 292, -81, 18, 385, 311, 214, 841, 1059, 425, 692, -91, 313, 480, 95, 314, 764, 367, 1006, 481, 477, 481, 1191, 193, 16]\n",
      "[-82, 293, 582, 57, 452, 840, 731, 785, 354, 575, 10, 1069, 43, 1057, 333, 937, 860, 146, 1042, 777, -12, 675, 641, 506, -3, 449, 48, 22, 424, 1151]\n",
      "[411, 635, 548, 714, 653, 165, 1118, 956, 983, 23, 992, 1092, 165, 795, 825, 937, 110, 413, 278, -31, -91, 713, 363, -15, 503, -22, 740, 561, 1013, 492]\n",
      "[385, 268, 719, 272, 955, 1146, 668, 6, 587, 15, 762, 8, 17, 534, 134, 769, -45, 980, 828, 418, 233, 349, 667, 951, 598, 844, 417, 497, 500, 770]\n",
      "[888, 974, 802, 375, 833, 128, 156, 246, 1236, 865, 422, 1146, 296, 139, 86, 300, 756, 558, 610, 715, 1172, 900, 867, 1084, 1126, 1074, 762, 83, 1192, 621]\n",
      "[623, 715, 299, 145, 1138, 5, 72, 821, 1127, 935, 598, 403, 92, 1221, 357, 46, 1086, 732, 633, 844, 996, 297, 663, 841, 1036, 667, 936, 490, 400, 620]\n",
      "[823, -8, 157, 417, 382, 1056, 808, 59, -34, 711, -50, 82, 1129, 31, 1135, -99, 806, 115, 24, 769, 465, 41, 82, 749, 793, 1038, 451, 739, 572, 507]\n",
      "[591, 175, 732, 1241, 213, 127, 1181, 113, 1087, 290, 403, 756, 911, 1088, 259, 421, 1051, 893, 269, 850, 404, 177, -8, 382, -68, 1118, 1012, 1157, -29, 227]\n",
      "[939, 1235, -27, 496, 544, 897, 540, 555, 667, 781, 986, 1107, 315, 1017, -20, 1230, 365, -100, -68, 798, 214, 213, 900, 1245, 870, 933, 620, -62, 111, 642]\n",
      "[694, 1132, 28, 631, 715, 816, 394, 527, 307, -19, 380, 411, -63, 209, 894, 237, -94, 873, 180, -56, 1245, 69, 64, 564, 258, -12, 423, 297, 120, 531]\n",
      "[-74, 921, -50, 896, 97, 352, 704, 1197, 305, 784, 959, 995, 396, -22, 981, 18, 654, 154, 63, 610, 100, 1186, -53, 583, 368, 1203, 248, 1106, 145, 205]\n",
      "[858, 968, 637, 927, 353, 485, 992, 163, 841, 80, 1000, 1059, 317, 537, 628, 942, 467, 746, 1177, 818, 450, 334, 306, 730, 909, 1086, 742, 889, 233, 666]\n",
      "[879, 641, 694, 1039, 913, 321, 19, 122, 859, 239, 1153, 705, 1065, 716, 904, -21, 853, 843, 814, 611, 351, 367, 337, 985, 1166, 202, -99, 753, 814, 80]\n",
      "[1042, 691, 37, 1181, 150, 56, 1013, 1077, 760, 889, 1202, 400, 663, 1006, 23, 660, -4, -45, 475, 336, 676, 1023, 807, 695, 120, 437, -32, 693, 490, 614]\n",
      "[601, 203, 58, 223, 290, 1067, 147, 483, 942, 381, 279, 835, 291, 1241, -57, 1201, 1023, 778, 454, 1104, -2, -61, 603, 976, 1069, 514, 381, 33, 484, 769]\n",
      "[1208, 995, 872, 341, 1103, 672, -89, 36, 1211, -88, -69, 956, 28, 602, 244, 636, 414, 1224, 413, 30, 415, 999, 224, -90, 234, 899, 923, -6, 907, 285]\n",
      "[246, -34, 371, 413, 1162, -72, 1151, 1229, 342, 265, 626, 461, 340, 84, 868, 273, 63, 152, 710, -35, 879, 391, -3, 1087, 606, 842, 79, 1220, 783, -2]\n",
      "[881, 1161, 28, 1027, 70, 571, 1041, 1181, 840, 1100, 1182, 933, 1222, 644, 230, 1084, 304, 1165, 786, 1107, 161, 760, 785, 189, 700, 673, 114, 599, 306, 1011]\n",
      "[950, 184, 1134, 888, 525, 1067, 1130, 861, 483, 216, 713, 130, 1048, 1169, 553, 801, 557, 1228, 250, 470, 692, 1175, 773, 858, 463, 1190, 295, 1109, 1184, 309]\n",
      "[792, 729, 647, 563, 709, 1223, 642, -10, -72, 1234, 559, 608, 751, 646, 380, 763, 966, 120, 216, 858, -45, 29, 132, 566, -98, 1143, 358, 859, 30, 1220]\n",
      "[1122, 1054, 889, 709, 766, 489, 8, 957, 363, 495, 955, 370, 1208, 798, 1231, 162, 788, 278, 4, 424, 919, 744, 566, 16, 958, 1083, -51, 569, 790, 377]\n",
      "[201, 429, 444, 47, 307, 336, 1166, 567, 1062, 1204, -30, 1077, 687, 220, 518, 216, 477, 207, 946, 873, 907, 356, 234, 182, 703, -75, 493, 504, 130, 893]\n",
      "[431, 208, 847, 1201, 468, 634, 111, 708, 506, 1226, 788, 419, 636, -2, 1140, 685, 716, 1088, 50, 66, 658, 24, 311, 288, 256, 776, 805, 660, 531, 706]\n",
      "[588, 343, 179, 942, -64, 978, 21, 645, -41, 172, 750, 285, 716, 730, 115, 60, 39, 762, 673, 681, 588, -62, -97, 579, 139, 694, 1066, 986, 345, 319]\n",
      "\n",
      "Сортировка выбором:\n",
      "[-65, -44, -30, 90, 94, 160, 185, 232, 295, 318, 341, 386, 420, 558, 580, 600, 603, 648, 795, 811, 910, 918, 1036, 1051, 1117, 1141, 1168, 1195, 1242, 1247]\n",
      "[-83, -81, 86, 92, 94, 97, 228, 305, 326, 332, 369, 375, 384, 409, 591, 614, 620, 623, 668, 677, 724, 898, 902, 930, 1039, 1115, 1119, 1149, 1192, 1243]\n",
      "[-35, 32, 36, 36, 69, 200, 236, 253, 341, 362, 368, 422, 435, 502, 577, 600, 648, 709, 806, 827, 897, 906, 944, 965, 1083, 1142, 1153, 1239, 1246, 1247]\n",
      "[-97, -96, -12, 99, 219, 219, 267, 278, 337, 356, 369, 460, 511, 560, 560, 590, 664, 665, 681, 740, 785, 815, 860, 875, 903, 961, 1026, 1207, 1244, 1250]\n",
      "[-34, 65, 161, 173, 177, 227, 271, 282, 296, 306, 351, 389, 418, 428, 469, 609, 653, 653, 693, 731, 744, 776, 808, 811, 939, 995, 1018, 1121, 1210, 1235]\n",
      "[-49, -8, 4, 19, 65, 105, 126, 195, 297, 300, 308, 335, 350, 356, 459, 684, 709, 805, 894, 906, 935, 940, 954, 957, 995, 1031, 1139, 1144, 1188, 1229]\n",
      "[-91, -81, -7, 16, 18, 57, 95, 159, 189, 193, 212, 214, 277, 292, 311, 313, 314, 367, 385, 425, 477, 480, 481, 481, 692, 764, 841, 1006, 1059, 1191]\n",
      "[-82, -12, -3, 10, 22, 43, 48, 57, 146, 293, 333, 354, 424, 449, 452, 506, 575, 582, 641, 675, 731, 777, 785, 840, 860, 937, 1042, 1057, 1069, 1151]\n",
      "[-91, -31, -22, -15, 23, 110, 165, 165, 278, 363, 411, 413, 492, 503, 548, 561, 635, 653, 713, 714, 740, 795, 825, 937, 956, 983, 992, 1013, 1092, 1118]\n",
      "[-45, 6, 8, 15, 17, 134, 233, 268, 272, 349, 385, 417, 418, 497, 500, 534, 587, 598, 667, 668, 719, 762, 769, 770, 828, 844, 951, 955, 980, 1146]\n",
      "[83, 86, 128, 139, 156, 246, 296, 300, 375, 422, 558, 610, 621, 715, 756, 762, 802, 833, 865, 867, 888, 900, 974, 1074, 1084, 1126, 1146, 1172, 1192, 1236]\n",
      "[5, 46, 72, 92, 145, 297, 299, 357, 400, 403, 490, 598, 620, 623, 633, 663, 667, 715, 732, 821, 841, 844, 935, 936, 996, 1036, 1086, 1127, 1138, 1221]\n",
      "[-99, -50, -34, -8, 24, 31, 41, 59, 82, 82, 115, 157, 382, 417, 451, 465, 507, 572, 711, 739, 749, 769, 793, 806, 808, 823, 1038, 1056, 1129, 1135]\n",
      "[-68, -29, -8, 113, 127, 175, 177, 213, 227, 259, 269, 290, 382, 403, 404, 421, 591, 732, 756, 850, 893, 911, 1012, 1051, 1087, 1088, 1118, 1157, 1181, 1241]\n",
      "[-100, -68, -62, -27, -20, 111, 213, 214, 315, 365, 496, 540, 544, 555, 620, 642, 667, 781, 798, 870, 897, 900, 933, 939, 986, 1017, 1107, 1230, 1235, 1245]\n",
      "[-94, -63, -56, -19, -12, 28, 64, 69, 120, 180, 209, 237, 258, 297, 307, 380, 394, 411, 423, 527, 531, 564, 631, 694, 715, 816, 873, 894, 1132, 1245]\n",
      "[-74, -53, -50, -22, 18, 63, 97, 100, 145, 154, 205, 248, 305, 352, 368, 396, 583, 610, 654, 704, 784, 896, 921, 959, 981, 995, 1106, 1186, 1197, 1203]\n",
      "[80, 163, 233, 306, 317, 334, 353, 450, 467, 485, 537, 628, 637, 666, 730, 742, 746, 818, 841, 858, 889, 909, 927, 942, 968, 992, 1000, 1059, 1086, 1177]\n",
      "[-99, -21, 19, 80, 122, 202, 239, 321, 337, 351, 367, 611, 641, 694, 705, 716, 753, 814, 814, 843, 853, 859, 879, 904, 913, 985, 1039, 1065, 1153, 1166]\n",
      "[-45, -32, -4, 23, 37, 56, 120, 150, 336, 400, 437, 475, 490, 614, 660, 663, 676, 691, 693, 695, 760, 807, 889, 1006, 1013, 1023, 1042, 1077, 1181, 1202]\n",
      "[-61, -57, -2, 33, 58, 147, 203, 223, 279, 290, 291, 381, 381, 454, 483, 484, 514, 601, 603, 769, 778, 835, 942, 976, 1023, 1067, 1069, 1104, 1201, 1241]\n",
      "[-90, -89, -88, -69, -6, 28, 30, 36, 224, 234, 244, 285, 341, 413, 414, 415, 602, 636, 672, 872, 899, 907, 923, 956, 995, 999, 1103, 1208, 1211, 1224]\n",
      "[-72, -35, -34, -3, -2, 63, 79, 84, 152, 246, 265, 273, 340, 342, 371, 391, 413, 461, 606, 626, 710, 783, 842, 868, 879, 1087, 1151, 1162, 1220, 1229]\n",
      "[28, 70, 114, 161, 189, 230, 304, 306, 571, 599, 644, 673, 700, 760, 785, 786, 840, 881, 933, 1011, 1027, 1041, 1084, 1100, 1107, 1161, 1165, 1181, 1182, 1222]\n",
      "[130, 184, 216, 250, 295, 309, 463, 470, 483, 525, 553, 557, 692, 713, 773, 801, 858, 861, 888, 950, 1048, 1067, 1109, 1130, 1134, 1169, 1175, 1184, 1190, 1228]\n",
      "[-98, -72, -45, -10, 29, 30, 120, 132, 216, 358, 380, 559, 563, 566, 608, 642, 646, 647, 709, 729, 751, 763, 792, 858, 859, 966, 1143, 1220, 1223, 1234]\n",
      "[-51, 4, 8, 16, 162, 278, 363, 370, 377, 424, 489, 495, 566, 569, 709, 744, 766, 788, 790, 798, 889, 919, 955, 957, 958, 1054, 1083, 1122, 1208, 1231]\n",
      "[-75, -30, 47, 130, 182, 201, 207, 216, 220, 234, 307, 336, 356, 429, 444, 477, 493, 504, 518, 567, 687, 703, 873, 893, 907, 946, 1062, 1077, 1166, 1204]\n",
      "[-2, 24, 50, 66, 111, 208, 256, 288, 311, 419, 431, 468, 506, 531, 634, 636, 658, 660, 685, 706, 708, 716, 776, 788, 805, 847, 1088, 1140, 1201, 1226]\n",
      "[-97, -64, -62, -41, 21, 39, 60, 115, 139, 172, 179, 285, 319, 343, 345, 579, 588, 588, 645, 673, 681, 694, 716, 730, 750, 762, 942, 978, 986, 1066]\n",
      "\n",
      "0.0029931068420410156 секунд\n",
      "\n",
      "Сортировка вставкой:\n",
      "[-65, -44, -30, 90, 94, 160, 185, 232, 295, 318, 341, 386, 420, 558, 580, 600, 603, 648, 795, 811, 910, 918, 1036, 1051, 1117, 1141, 1168, 1195, 1242, 1247]\n",
      "[-83, -81, 86, 92, 94, 97, 228, 305, 326, 332, 369, 375, 384, 409, 591, 614, 620, 623, 668, 677, 724, 898, 902, 930, 1039, 1115, 1119, 1149, 1192, 1243]\n",
      "[-35, 32, 36, 36, 69, 200, 236, 253, 341, 362, 368, 422, 435, 502, 577, 600, 648, 709, 806, 827, 897, 906, 944, 965, 1083, 1142, 1153, 1239, 1246, 1247]\n",
      "[-97, -96, -12, 99, 219, 219, 267, 278, 337, 356, 369, 460, 511, 560, 560, 590, 664, 665, 681, 740, 785, 815, 860, 875, 903, 961, 1026, 1207, 1244, 1250]\n",
      "[-34, 65, 161, 173, 177, 227, 271, 282, 296, 306, 351, 389, 418, 428, 469, 609, 653, 653, 693, 731, 744, 776, 808, 811, 939, 995, 1018, 1121, 1210, 1235]\n",
      "[-49, -8, 4, 19, 65, 105, 126, 195, 297, 300, 308, 335, 350, 356, 459, 684, 709, 805, 894, 906, 935, 940, 954, 957, 995, 1031, 1139, 1144, 1188, 1229]\n",
      "[-91, -81, -7, 16, 18, 57, 95, 159, 189, 193, 212, 214, 277, 292, 311, 313, 314, 367, 385, 425, 477, 480, 481, 481, 692, 764, 841, 1006, 1059, 1191]\n",
      "[-82, -12, -3, 10, 22, 43, 48, 57, 146, 293, 333, 354, 424, 449, 452, 506, 575, 582, 641, 675, 731, 777, 785, 840, 860, 937, 1042, 1057, 1069, 1151]\n",
      "[-91, -31, -22, -15, 23, 110, 165, 165, 278, 363, 411, 413, 492, 503, 548, 561, 635, 653, 713, 714, 740, 795, 825, 937, 956, 983, 992, 1013, 1092, 1118]\n",
      "[-45, 6, 8, 15, 17, 134, 233, 268, 272, 349, 385, 417, 418, 497, 500, 534, 587, 598, 667, 668, 719, 762, 769, 770, 828, 844, 951, 955, 980, 1146]\n",
      "[83, 86, 128, 139, 156, 246, 296, 300, 375, 422, 558, 610, 621, 715, 756, 762, 802, 833, 865, 867, 888, 900, 974, 1074, 1084, 1126, 1146, 1172, 1192, 1236]\n",
      "[5, 46, 72, 92, 145, 297, 299, 357, 400, 403, 490, 598, 620, 623, 633, 663, 667, 715, 732, 821, 841, 844, 935, 936, 996, 1036, 1086, 1127, 1138, 1221]\n",
      "[-99, -50, -34, -8, 24, 31, 41, 59, 82, 82, 115, 157, 382, 417, 451, 465, 507, 572, 711, 739, 749, 769, 793, 806, 808, 823, 1038, 1056, 1129, 1135]\n",
      "[-68, -29, -8, 113, 127, 175, 177, 213, 227, 259, 269, 290, 382, 403, 404, 421, 591, 732, 756, 850, 893, 911, 1012, 1051, 1087, 1088, 1118, 1157, 1181, 1241]\n",
      "[-100, -68, -62, -27, -20, 111, 213, 214, 315, 365, 496, 540, 544, 555, 620, 642, 667, 781, 798, 870, 897, 900, 933, 939, 986, 1017, 1107, 1230, 1235, 1245]\n",
      "[-94, -63, -56, -19, -12, 28, 64, 69, 120, 180, 209, 237, 258, 297, 307, 380, 394, 411, 423, 527, 531, 564, 631, 694, 715, 816, 873, 894, 1132, 1245]\n",
      "[-74, -53, -50, -22, 18, 63, 97, 100, 145, 154, 205, 248, 305, 352, 368, 396, 583, 610, 654, 704, 784, 896, 921, 959, 981, 995, 1106, 1186, 1197, 1203]\n",
      "[80, 163, 233, 306, 317, 334, 353, 450, 467, 485, 537, 628, 637, 666, 730, 742, 746, 818, 841, 858, 889, 909, 927, 942, 968, 992, 1000, 1059, 1086, 1177]\n",
      "[-99, -21, 19, 80, 122, 202, 239, 321, 337, 351, 367, 611, 641, 694, 705, 716, 753, 814, 814, 843, 853, 859, 879, 904, 913, 985, 1039, 1065, 1153, 1166]\n",
      "[-45, -32, -4, 23, 37, 56, 120, 150, 336, 400, 437, 475, 490, 614, 660, 663, 676, 691, 693, 695, 760, 807, 889, 1006, 1013, 1023, 1042, 1077, 1181, 1202]\n",
      "[-61, -57, -2, 33, 58, 147, 203, 223, 279, 290, 291, 381, 381, 454, 483, 484, 514, 601, 603, 769, 778, 835, 942, 976, 1023, 1067, 1069, 1104, 1201, 1241]\n",
      "[-90, -89, -88, -69, -6, 28, 30, 36, 224, 234, 244, 285, 341, 413, 414, 415, 602, 636, 672, 872, 899, 907, 923, 956, 995, 999, 1103, 1208, 1211, 1224]\n",
      "[-72, -35, -34, -3, -2, 63, 79, 84, 152, 246, 265, 273, 340, 342, 371, 391, 413, 461, 606, 626, 710, 783, 842, 868, 879, 1087, 1151, 1162, 1220, 1229]\n",
      "[28, 70, 114, 161, 189, 230, 304, 306, 571, 599, 644, 673, 700, 760, 785, 786, 840, 881, 933, 1011, 1027, 1041, 1084, 1100, 1107, 1161, 1165, 1181, 1182, 1222]\n",
      "[130, 184, 216, 250, 295, 309, 463, 470, 483, 525, 553, 557, 692, 713, 773, 801, 858, 861, 888, 950, 1048, 1067, 1109, 1130, 1134, 1169, 1175, 1184, 1190, 1228]\n",
      "[-98, -72, -45, -10, 29, 30, 120, 132, 216, 358, 380, 559, 563, 566, 608, 642, 646, 647, 709, 729, 751, 763, 792, 858, 859, 966, 1143, 1220, 1223, 1234]\n",
      "[-51, 4, 8, 16, 162, 278, 363, 370, 377, 424, 489, 495, 566, 569, 709, 744, 766, 788, 790, 798, 889, 919, 955, 957, 958, 1054, 1083, 1122, 1208, 1231]\n",
      "[-75, -30, 47, 130, 182, 201, 207, 216, 220, 234, 307, 336, 356, 429, 444, 477, 493, 504, 518, 567, 687, 703, 873, 893, 907, 946, 1062, 1077, 1166, 1204]\n",
      "[-2, 24, 50, 66, 111, 208, 256, 288, 311, 419, 431, 468, 506, 531, 634, 636, 658, 660, 685, 706, 708, 716, 776, 788, 805, 847, 1088, 1140, 1201, 1226]\n",
      "[-97, -64, -62, -41, 21, 39, 60, 115, 139, 172, 179, 285, 319, 343, 345, 579, 588, 588, 645, 673, 681, 694, 716, 730, 750, 762, 942, 978, 986, 1066]\n",
      "\n",
      "0.0009999275207519531 секунд\n",
      "\n",
      "Сортировка пузырьком:\n",
      "[-65, -44, -30, 90, 94, 160, 185, 232, 295, 318, 341, 386, 420, 558, 580, 600, 603, 648, 795, 811, 910, 918, 1036, 1051, 1117, 1141, 1168, 1195, 1242, 1247]\n",
      "[-83, -81, 86, 92, 94, 97, 228, 305, 326, 332, 369, 375, 384, 409, 591, 614, 620, 623, 668, 677, 724, 898, 902, 930, 1039, 1115, 1119, 1149, 1192, 1243]\n",
      "[-35, 32, 36, 36, 69, 200, 236, 253, 341, 362, 368, 422, 435, 502, 577, 600, 648, 709, 806, 827, 897, 906, 944, 965, 1083, 1142, 1153, 1239, 1246, 1247]\n",
      "[-97, -96, -12, 99, 219, 219, 267, 278, 337, 356, 369, 460, 511, 560, 560, 590, 664, 665, 681, 740, 785, 815, 860, 875, 903, 961, 1026, 1207, 1244, 1250]\n",
      "[-34, 65, 161, 173, 177, 227, 271, 282, 296, 306, 351, 389, 418, 428, 469, 609, 653, 653, 693, 731, 744, 776, 808, 811, 939, 995, 1018, 1121, 1210, 1235]\n",
      "[-49, -8, 4, 19, 65, 105, 126, 195, 297, 300, 308, 335, 350, 356, 459, 684, 709, 805, 894, 906, 935, 940, 954, 957, 995, 1031, 1139, 1144, 1188, 1229]\n",
      "[-91, -81, -7, 16, 18, 57, 95, 159, 189, 193, 212, 214, 277, 292, 311, 313, 314, 367, 385, 425, 477, 480, 481, 481, 692, 764, 841, 1006, 1059, 1191]\n",
      "[-82, -12, -3, 10, 22, 43, 48, 57, 146, 293, 333, 354, 424, 449, 452, 506, 575, 582, 641, 675, 731, 777, 785, 840, 860, 937, 1042, 1057, 1069, 1151]\n",
      "[-91, -31, -22, -15, 23, 110, 165, 165, 278, 363, 411, 413, 492, 503, 548, 561, 635, 653, 713, 714, 740, 795, 825, 937, 956, 983, 992, 1013, 1092, 1118]\n",
      "[-45, 6, 8, 15, 17, 134, 233, 268, 272, 349, 385, 417, 418, 497, 500, 534, 587, 598, 667, 668, 719, 762, 769, 770, 828, 844, 951, 955, 980, 1146]\n",
      "[83, 86, 128, 139, 156, 246, 296, 300, 375, 422, 558, 610, 621, 715, 756, 762, 802, 833, 865, 867, 888, 900, 974, 1074, 1084, 1126, 1146, 1172, 1192, 1236]\n",
      "[5, 46, 72, 92, 145, 297, 299, 357, 400, 403, 490, 598, 620, 623, 633, 663, 667, 715, 732, 821, 841, 844, 935, 936, 996, 1036, 1086, 1127, 1138, 1221]\n",
      "[-99, -50, -34, -8, 24, 31, 41, 59, 82, 82, 115, 157, 382, 417, 451, 465, 507, 572, 711, 739, 749, 769, 793, 806, 808, 823, 1038, 1056, 1129, 1135]\n",
      "[-68, -29, -8, 113, 127, 175, 177, 213, 227, 259, 269, 290, 382, 403, 404, 421, 591, 732, 756, 850, 893, 911, 1012, 1051, 1087, 1088, 1118, 1157, 1181, 1241]\n",
      "[-100, -68, -62, -27, -20, 111, 213, 214, 315, 365, 496, 540, 544, 555, 620, 642, 667, 781, 798, 870, 897, 900, 933, 939, 986, 1017, 1107, 1230, 1235, 1245]\n",
      "[-94, -63, -56, -19, -12, 28, 64, 69, 120, 180, 209, 237, 258, 297, 307, 380, 394, 411, 423, 527, 531, 564, 631, 694, 715, 816, 873, 894, 1132, 1245]\n",
      "[-74, -53, -50, -22, 18, 63, 97, 100, 145, 154, 205, 248, 305, 352, 368, 396, 583, 610, 654, 704, 784, 896, 921, 959, 981, 995, 1106, 1186, 1197, 1203]\n",
      "[80, 163, 233, 306, 317, 334, 353, 450, 467, 485, 537, 628, 637, 666, 730, 742, 746, 818, 841, 858, 889, 909, 927, 942, 968, 992, 1000, 1059, 1086, 1177]\n",
      "[-99, -21, 19, 80, 122, 202, 239, 321, 337, 351, 367, 611, 641, 694, 705, 716, 753, 814, 814, 843, 853, 859, 879, 904, 913, 985, 1039, 1065, 1153, 1166]\n",
      "[-45, -32, -4, 23, 37, 56, 120, 150, 336, 400, 437, 475, 490, 614, 660, 663, 676, 691, 693, 695, 760, 807, 889, 1006, 1013, 1023, 1042, 1077, 1181, 1202]\n",
      "[-61, -57, -2, 33, 58, 147, 203, 223, 279, 290, 291, 381, 381, 454, 483, 484, 514, 601, 603, 769, 778, 835, 942, 976, 1023, 1067, 1069, 1104, 1201, 1241]\n",
      "[-90, -89, -88, -69, -6, 28, 30, 36, 224, 234, 244, 285, 341, 413, 414, 415, 602, 636, 672, 872, 899, 907, 923, 956, 995, 999, 1103, 1208, 1211, 1224]\n",
      "[-72, -35, -34, -3, -2, 63, 79, 84, 152, 246, 265, 273, 340, 342, 371, 391, 413, 461, 606, 626, 710, 783, 842, 868, 879, 1087, 1151, 1162, 1220, 1229]\n",
      "[28, 70, 114, 161, 189, 230, 304, 306, 571, 599, 644, 673, 700, 760, 785, 786, 840, 881, 933, 1011, 1027, 1041, 1084, 1100, 1107, 1161, 1165, 1181, 1182, 1222]\n",
      "[130, 184, 216, 250, 295, 309, 463, 470, 483, 525, 553, 557, 692, 713, 773, 801, 858, 861, 888, 950, 1048, 1067, 1109, 1130, 1134, 1169, 1175, 1184, 1190, 1228]\n",
      "[-98, -72, -45, -10, 29, 30, 120, 132, 216, 358, 380, 559, 563, 566, 608, 642, 646, 647, 709, 729, 751, 763, 792, 858, 859, 966, 1143, 1220, 1223, 1234]\n",
      "[-51, 4, 8, 16, 162, 278, 363, 370, 377, 424, 489, 495, 566, 569, 709, 744, 766, 788, 790, 798, 889, 919, 955, 957, 958, 1054, 1083, 1122, 1208, 1231]\n",
      "[-75, -30, 47, 130, 182, 201, 207, 216, 220, 234, 307, 336, 356, 429, 444, 477, 493, 504, 518, 567, 687, 703, 873, 893, 907, 946, 1062, 1077, 1166, 1204]\n",
      "[-2, 24, 50, 66, 111, 208, 256, 288, 311, 419, 431, 468, 506, 531, 634, 636, 658, 660, 685, 706, 708, 716, 776, 788, 805, 847, 1088, 1140, 1201, 1226]\n",
      "[-97, -64, -62, -41, 21, 39, 60, 115, 139, 172, 179, 285, 319, 343, 345, 579, 588, 588, 645, 673, 681, 694, 716, 730, 750, 762, 942, 978, 986, 1066]\n",
      "\n",
      "0.0019998550415039062 секунд\n",
      "\n",
      "Сортировка Шелла:\n",
      "[-65, -44, -30, 90, 94, 160, 185, 232, 295, 318, 341, 386, 420, 558, 580, 600, 603, 648, 795, 811, 910, 918, 1036, 1051, 1117, 1141, 1168, 1195, 1242, 1247]\n",
      "[-83, -81, 86, 92, 94, 97, 228, 305, 326, 332, 369, 375, 384, 409, 591, 614, 620, 623, 668, 677, 724, 898, 902, 930, 1039, 1115, 1119, 1149, 1192, 1243]\n",
      "[-35, 32, 36, 36, 69, 200, 236, 253, 341, 362, 368, 422, 435, 502, 577, 600, 648, 709, 806, 827, 897, 906, 944, 965, 1083, 1142, 1153, 1239, 1246, 1247]\n",
      "[-97, -96, -12, 99, 219, 219, 267, 278, 337, 356, 369, 460, 511, 560, 560, 590, 664, 665, 681, 740, 785, 815, 860, 875, 903, 961, 1026, 1207, 1244, 1250]\n",
      "[-34, 65, 161, 173, 177, 227, 271, 282, 296, 306, 351, 389, 418, 428, 469, 609, 653, 653, 693, 731, 744, 776, 808, 811, 939, 995, 1018, 1121, 1210, 1235]\n",
      "[-49, -8, 4, 19, 65, 105, 126, 195, 297, 300, 308, 335, 350, 356, 459, 684, 709, 805, 894, 906, 935, 940, 954, 957, 995, 1031, 1139, 1144, 1188, 1229]\n",
      "[-91, -81, -7, 16, 18, 57, 95, 159, 189, 193, 212, 214, 277, 292, 311, 313, 314, 367, 385, 425, 477, 480, 481, 481, 692, 764, 841, 1006, 1059, 1191]\n",
      "[-82, -12, -3, 10, 22, 43, 48, 57, 146, 293, 333, 354, 424, 449, 452, 506, 575, 582, 641, 675, 731, 777, 785, 840, 860, 937, 1042, 1057, 1069, 1151]\n",
      "[-91, -31, -22, -15, 23, 110, 165, 165, 278, 363, 411, 413, 492, 503, 548, 561, 635, 653, 713, 714, 740, 795, 825, 937, 956, 983, 992, 1013, 1092, 1118]\n",
      "[-45, 6, 8, 15, 17, 134, 233, 268, 272, 349, 385, 417, 418, 497, 500, 534, 587, 598, 667, 668, 719, 762, 769, 770, 828, 844, 951, 955, 980, 1146]\n",
      "[83, 86, 128, 139, 156, 246, 296, 300, 375, 422, 558, 610, 621, 715, 756, 762, 802, 833, 865, 867, 888, 900, 974, 1074, 1084, 1126, 1146, 1172, 1192, 1236]\n",
      "[5, 46, 72, 92, 145, 297, 299, 357, 400, 403, 490, 598, 620, 623, 633, 663, 667, 715, 732, 821, 841, 844, 935, 936, 996, 1036, 1086, 1127, 1138, 1221]\n",
      "[-99, -50, -34, -8, 24, 31, 41, 59, 82, 82, 115, 157, 382, 417, 451, 465, 507, 572, 711, 739, 749, 769, 793, 806, 808, 823, 1038, 1056, 1129, 1135]\n",
      "[-68, -29, -8, 113, 127, 175, 177, 213, 227, 259, 269, 290, 382, 403, 404, 421, 591, 732, 756, 850, 893, 911, 1012, 1051, 1087, 1088, 1118, 1157, 1181, 1241]\n",
      "[-100, -68, -62, -27, -20, 111, 213, 214, 315, 365, 496, 540, 544, 555, 620, 642, 667, 781, 798, 870, 897, 900, 933, 939, 986, 1017, 1107, 1230, 1235, 1245]\n",
      "[-94, -63, -56, -19, -12, 28, 64, 69, 120, 180, 209, 237, 258, 297, 307, 380, 394, 411, 423, 527, 531, 564, 631, 694, 715, 816, 873, 894, 1132, 1245]\n",
      "[-74, -53, -50, -22, 18, 63, 97, 100, 145, 154, 205, 248, 305, 352, 368, 396, 583, 610, 654, 704, 784, 896, 921, 959, 981, 995, 1106, 1186, 1197, 1203]\n",
      "[80, 163, 233, 306, 317, 334, 353, 450, 467, 485, 537, 628, 637, 666, 730, 742, 746, 818, 841, 858, 889, 909, 927, 942, 968, 992, 1000, 1059, 1086, 1177]\n",
      "[-99, -21, 19, 80, 122, 202, 239, 321, 337, 351, 367, 611, 641, 694, 705, 716, 753, 814, 814, 843, 853, 859, 879, 904, 913, 985, 1039, 1065, 1153, 1166]\n",
      "[-45, -32, -4, 23, 37, 56, 120, 150, 336, 400, 437, 475, 490, 614, 660, 663, 676, 691, 693, 695, 760, 807, 889, 1006, 1013, 1023, 1042, 1077, 1181, 1202]\n",
      "[-61, -57, -2, 33, 58, 147, 203, 223, 279, 290, 291, 381, 381, 454, 483, 484, 514, 601, 603, 769, 778, 835, 942, 976, 1023, 1067, 1069, 1104, 1201, 1241]\n",
      "[-90, -89, -88, -69, -6, 28, 30, 36, 224, 234, 244, 285, 341, 413, 414, 415, 602, 636, 672, 872, 899, 907, 923, 956, 995, 999, 1103, 1208, 1211, 1224]\n",
      "[-72, -35, -34, -3, -2, 63, 79, 84, 152, 246, 265, 273, 340, 342, 371, 391, 413, 461, 606, 626, 710, 783, 842, 868, 879, 1087, 1151, 1162, 1220, 1229]\n",
      "[28, 70, 114, 161, 189, 230, 304, 306, 571, 599, 644, 673, 700, 760, 785, 786, 840, 881, 933, 1011, 1027, 1041, 1084, 1100, 1107, 1161, 1165, 1181, 1182, 1222]\n",
      "[130, 184, 216, 250, 295, 309, 463, 470, 483, 525, 553, 557, 692, 713, 773, 801, 858, 861, 888, 950, 1048, 1067, 1109, 1130, 1134, 1169, 1175, 1184, 1190, 1228]\n",
      "[-98, -72, -45, -10, 29, 30, 120, 132, 216, 358, 380, 559, 563, 566, 608, 642, 646, 647, 709, 729, 751, 763, 792, 858, 859, 966, 1143, 1220, 1223, 1234]\n",
      "[-51, 4, 8, 16, 162, 278, 363, 370, 377, 424, 489, 495, 566, 569, 709, 744, 766, 788, 790, 798, 889, 919, 955, 957, 958, 1054, 1083, 1122, 1208, 1231]\n",
      "[-75, -30, 47, 130, 182, 201, 207, 216, 220, 234, 307, 336, 356, 429, 444, 477, 493, 504, 518, 567, 687, 703, 873, 893, 907, 946, 1062, 1077, 1166, 1204]\n",
      "[-2, 24, 50, 66, 111, 208, 256, 288, 311, 419, 431, 468, 506, 531, 634, 636, 658, 660, 685, 706, 708, 716, 776, 788, 805, 847, 1088, 1140, 1201, 1226]\n",
      "[-97, -64, -62, -41, 21, 39, 60, 115, 139, 172, 179, 285, 319, 343, 345, 579, 588, 588, 645, 673, 681, 694, 716, 730, 750, 762, 942, 978, 986, 1066]\n",
      "\n",
      "0.0009999275207519531 секунд\n",
      "\n",
      "Турнирная сортировка:\n",
      "[-65, -44, -30, 90, 94, 160, 185, 232, 295, 318, 341, 386, 420, 558, 580, 600, 603, 648, 795, 811, 910, 918, 1036, 1051, 1117, 1141, 1168, 1195, 1242, 1247]\n",
      "[-83, -81, 86, 92, 94, 97, 228, 305, 326, 332, 369, 375, 384, 409, 591, 614, 620, 623, 668, 677, 724, 898, 902, 930, 1039, 1115, 1119, 1149, 1192, 1243]\n",
      "[-35, 32, 36, 36, 69, 200, 236, 253, 341, 362, 368, 422, 435, 502, 577, 600, 648, 709, 806, 827, 897, 906, 944, 965, 1083, 1142, 1153, 1239, 1246, 1247]\n",
      "[-97, -96, -12, 99, 219, 219, 267, 278, 337, 356, 369, 460, 511, 560, 560, 590, 664, 665, 681, 740, 785, 815, 860, 875, 903, 961, 1026, 1207, 1244, 1250]\n",
      "[-34, 65, 161, 173, 177, 227, 271, 282, 296, 306, 351, 389, 418, 428, 469, 609, 653, 653, 693, 731, 744, 776, 808, 811, 939, 995, 1018, 1121, 1210, 1235]\n",
      "[-49, -8, 4, 19, 65, 105, 126, 195, 297, 300, 308, 335, 350, 356, 459, 684, 709, 805, 894, 906, 935, 940, 954, 957, 995, 1031, 1139, 1144, 1188, 1229]\n",
      "[-91, -81, -7, 16, 18, 57, 95, 159, 189, 193, 212, 214, 277, 292, 311, 313, 314, 367, 385, 425, 477, 480, 481, 481, 692, 764, 841, 1006, 1059, 1191]\n",
      "[-82, -12, -3, 10, 22, 43, 48, 57, 146, 293, 333, 354, 424, 449, 452, 506, 575, 582, 641, 675, 731, 777, 785, 840, 860, 937, 1042, 1057, 1069, 1151]\n",
      "[-91, -31, -22, -15, 23, 110, 165, 165, 278, 363, 411, 413, 492, 503, 548, 561, 635, 653, 713, 714, 740, 795, 825, 937, 956, 983, 992, 1013, 1092, 1118]\n",
      "[-45, 6, 8, 15, 17, 134, 233, 268, 272, 349, 385, 417, 418, 497, 500, 534, 587, 598, 667, 668, 719, 762, 769, 770, 828, 844, 951, 955, 980, 1146]\n",
      "[83, 86, 128, 139, 156, 246, 296, 300, 375, 422, 558, 610, 621, 715, 756, 762, 802, 833, 865, 867, 888, 900, 974, 1074, 1084, 1126, 1146, 1172, 1192, 1236]\n",
      "[5, 46, 72, 92, 145, 297, 299, 357, 400, 403, 490, 598, 620, 623, 633, 663, 667, 715, 732, 821, 841, 844, 935, 936, 996, 1036, 1086, 1127, 1138, 1221]\n",
      "[-99, -50, -34, -8, 24, 31, 41, 59, 82, 82, 115, 157, 382, 417, 451, 465, 507, 572, 711, 739, 749, 769, 793, 806, 808, 823, 1038, 1056, 1129, 1135]\n",
      "[-68, -29, -8, 113, 127, 175, 177, 213, 227, 259, 269, 290, 382, 403, 404, 421, 591, 732, 756, 850, 893, 911, 1012, 1051, 1087, 1088, 1118, 1157, 1181, 1241]\n",
      "[-100, -68, -62, -27, -20, 111, 213, 214, 315, 365, 496, 540, 544, 555, 620, 642, 667, 781, 798, 870, 897, 900, 933, 939, 986, 1017, 1107, 1230, 1235, 1245]\n",
      "[-94, -63, -56, -19, -12, 28, 64, 69, 120, 180, 209, 237, 258, 297, 307, 380, 394, 411, 423, 527, 531, 564, 631, 694, 715, 816, 873, 894, 1132, 1245]\n",
      "[-74, -53, -50, -22, 18, 63, 97, 100, 145, 154, 205, 248, 305, 352, 368, 396, 583, 610, 654, 704, 784, 896, 921, 959, 981, 995, 1106, 1186, 1197, 1203]\n",
      "[80, 163, 233, 306, 317, 334, 353, 450, 467, 485, 537, 628, 637, 666, 730, 742, 746, 818, 841, 858, 889, 909, 927, 942, 968, 992, 1000, 1059, 1086, 1177]\n",
      "[-99, -21, 19, 80, 122, 202, 239, 321, 337, 351, 367, 611, 641, 694, 705, 716, 753, 814, 814, 843, 853, 859, 879, 904, 913, 985, 1039, 1065, 1153, 1166]\n",
      "[-45, -32, -4, 23, 37, 56, 120, 150, 336, 400, 437, 475, 490, 614, 660, 663, 676, 691, 693, 695, 760, 807, 889, 1006, 1013, 1023, 1042, 1077, 1181, 1202]\n",
      "[-61, -57, -2, 33, 58, 147, 203, 223, 279, 290, 291, 381, 381, 454, 483, 484, 514, 601, 603, 769, 778, 835, 942, 976, 1023, 1067, 1069, 1104, 1201, 1241]\n",
      "[-90, -89, -88, -69, -6, 28, 30, 36, 224, 234, 244, 285, 341, 413, 414, 415, 602, 636, 672, 872, 899, 907, 923, 956, 995, 999, 1103, 1208, 1211, 1224]\n",
      "[-72, -35, -34, -3, -2, 63, 79, 84, 152, 246, 265, 273, 340, 342, 371, 391, 413, 461, 606, 626, 710, 783, 842, 868, 879, 1087, 1151, 1162, 1220, 1229]\n",
      "[28, 70, 114, 161, 189, 230, 304, 306, 571, 599, 644, 673, 700, 760, 785, 786, 840, 881, 933, 1011, 1027, 1041, 1084, 1100, 1107, 1161, 1165, 1181, 1182, 1222]\n",
      "[130, 184, 216, 250, 295, 309, 463, 470, 483, 525, 553, 557, 692, 713, 773, 801, 858, 861, 888, 950, 1048, 1067, 1109, 1130, 1134, 1169, 1175, 1184, 1190, 1228]\n",
      "[-98, -72, -45, -10, 29, 30, 120, 132, 216, 358, 380, 559, 563, 566, 608, 642, 646, 647, 709, 729, 751, 763, 792, 858, 859, 966, 1143, 1220, 1223, 1234]\n",
      "[-51, 4, 8, 16, 162, 278, 363, 370, 377, 424, 489, 495, 566, 569, 709, 744, 766, 788, 790, 798, 889, 919, 955, 957, 958, 1054, 1083, 1122, 1208, 1231]\n",
      "[-75, -30, 47, 130, 182, 201, 207, 216, 220, 234, 307, 336, 356, 429, 444, 477, 493, 504, 518, 567, 687, 703, 873, 893, 907, 946, 1062, 1077, 1166, 1204]\n",
      "[-2, 24, 50, 66, 111, 208, 256, 288, 311, 419, 431, 468, 506, 531, 634, 636, 658, 660, 685, 706, 708, 716, 776, 788, 805, 847, 1088, 1140, 1201, 1226]\n",
      "[-97, -64, -62, -41, 21, 39, 60, 115, 139, 172, 179, 285, 319, 343, 345, 579, 588, 588, 645, 673, 681, 694, 716, 730, 750, 762, 942, 978, 986, 1066]\n",
      " \n",
      "0.0019998550415039062 секунд\n",
      "\n",
      " \n",
      "Быстрая сортировка: \n",
      "[-65, -44, -30, 90, 94, 160, 185, 232, 295, 318, 341, 386, 420, 558, 580, 600, 603, 648, 795, 811, 910, 918, 1036, 1051, 1117, 1141, 1168, 1195, 1242, 1247]\n",
      "[-83, -81, 86, 92, 94, 97, 228, 305, 326, 332, 369, 375, 384, 409, 591, 614, 620, 623, 668, 677, 724, 898, 902, 930, 1039, 1115, 1119, 1149, 1192, 1243]\n",
      "[-35, 32, 36, 36, 69, 200, 236, 253, 341, 362, 368, 422, 435, 502, 577, 600, 648, 709, 806, 827, 897, 906, 944, 965, 1083, 1142, 1153, 1239, 1246, 1247]\n",
      "[-97, -96, -12, 99, 219, 219, 267, 278, 337, 356, 369, 460, 511, 560, 560, 590, 664, 665, 681, 740, 785, 815, 860, 875, 903, 961, 1026, 1207, 1244, 1250]\n",
      "[-34, 65, 161, 173, 177, 227, 271, 282, 296, 306, 351, 389, 418, 428, 469, 609, 653, 653, 693, 731, 744, 776, 808, 811, 939, 995, 1018, 1121, 1210, 1235]\n",
      "[-49, -8, 4, 19, 65, 105, 126, 195, 297, 300, 308, 335, 350, 356, 459, 684, 709, 805, 894, 906, 935, 940, 954, 957, 995, 1031, 1139, 1144, 1188, 1229]\n",
      "[-91, -81, -7, 16, 18, 57, 95, 159, 189, 193, 212, 214, 277, 292, 311, 313, 314, 367, 385, 425, 477, 480, 481, 481, 692, 764, 841, 1006, 1059, 1191]\n",
      "[-82, -12, -3, 10, 22, 43, 48, 57, 146, 293, 333, 354, 424, 449, 452, 506, 575, 582, 641, 675, 731, 777, 785, 840, 860, 937, 1042, 1057, 1069, 1151]\n",
      "[-91, -31, -22, -15, 23, 110, 165, 165, 278, 363, 411, 413, 492, 503, 548, 561, 635, 653, 713, 714, 740, 795, 825, 937, 956, 983, 992, 1013, 1092, 1118]\n",
      "[-45, 6, 8, 15, 17, 134, 233, 268, 272, 349, 385, 417, 418, 497, 500, 534, 587, 598, 667, 668, 719, 762, 769, 770, 828, 844, 951, 955, 980, 1146]\n",
      "[83, 86, 128, 139, 156, 246, 296, 300, 375, 422, 558, 610, 621, 715, 756, 762, 802, 833, 865, 867, 888, 900, 974, 1074, 1084, 1126, 1146, 1172, 1192, 1236]\n",
      "[5, 46, 72, 92, 145, 297, 299, 357, 400, 403, 490, 598, 620, 623, 633, 663, 667, 715, 732, 821, 841, 844, 935, 936, 996, 1036, 1086, 1127, 1138, 1221]\n",
      "[-99, -50, -34, -8, 24, 31, 41, 59, 82, 82, 115, 157, 382, 417, 451, 465, 507, 572, 711, 739, 749, 769, 793, 806, 808, 823, 1038, 1056, 1129, 1135]\n",
      "[-68, -29, -8, 113, 127, 175, 177, 213, 227, 259, 269, 290, 382, 403, 404, 421, 591, 732, 756, 850, 893, 911, 1012, 1051, 1087, 1088, 1118, 1157, 1181, 1241]\n",
      "[-100, -68, -62, -27, -20, 111, 213, 214, 315, 365, 496, 540, 544, 555, 620, 642, 667, 781, 798, 870, 897, 900, 933, 939, 986, 1017, 1107, 1230, 1235, 1245]\n",
      "[-94, -63, -56, -19, -12, 28, 64, 69, 120, 180, 209, 237, 258, 297, 307, 380, 394, 411, 423, 527, 531, 564, 631, 694, 715, 816, 873, 894, 1132, 1245]\n",
      "[-74, -53, -50, -22, 18, 63, 97, 100, 145, 154, 205, 248, 305, 352, 368, 396, 583, 610, 654, 704, 784, 896, 921, 959, 981, 995, 1106, 1186, 1197, 1203]\n",
      "[80, 163, 233, 306, 317, 334, 353, 450, 467, 485, 537, 628, 637, 666, 730, 742, 746, 818, 841, 858, 889, 909, 927, 942, 968, 992, 1000, 1059, 1086, 1177]\n",
      "[-99, -21, 19, 80, 122, 202, 239, 321, 337, 351, 367, 611, 641, 694, 705, 716, 753, 814, 814, 843, 853, 859, 879, 904, 913, 985, 1039, 1065, 1153, 1166]\n",
      "[-45, -32, -4, 23, 37, 56, 120, 150, 336, 400, 437, 475, 490, 614, 660, 663, 676, 691, 693, 695, 760, 807, 889, 1006, 1013, 1023, 1042, 1077, 1181, 1202]\n",
      "[-61, -57, -2, 33, 58, 147, 203, 223, 279, 290, 291, 381, 381, 454, 483, 484, 514, 601, 603, 769, 778, 835, 942, 976, 1023, 1067, 1069, 1104, 1201, 1241]\n",
      "[-90, -89, -88, -69, -6, 28, 30, 36, 224, 234, 244, 285, 341, 413, 414, 415, 602, 636, 672, 872, 899, 907, 923, 956, 995, 999, 1103, 1208, 1211, 1224]\n",
      "[-72, -35, -34, -3, -2, 63, 79, 84, 152, 246, 265, 273, 340, 342, 371, 391, 413, 461, 606, 626, 710, 783, 842, 868, 879, 1087, 1151, 1162, 1220, 1229]\n",
      "[28, 70, 114, 161, 189, 230, 304, 306, 571, 599, 644, 673, 700, 760, 785, 786, 840, 881, 933, 1011, 1027, 1041, 1084, 1100, 1107, 1161, 1165, 1181, 1182, 1222]\n",
      "[130, 184, 216, 250, 295, 309, 463, 470, 483, 525, 553, 557, 692, 713, 773, 801, 858, 861, 888, 950, 1048, 1067, 1109, 1130, 1134, 1169, 1175, 1184, 1190, 1228]\n",
      "[-98, -72, -45, -10, 29, 30, 120, 132, 216, 358, 380, 559, 563, 566, 608, 642, 646, 647, 709, 729, 751, 763, 792, 858, 859, 966, 1143, 1220, 1223, 1234]\n",
      "[-51, 4, 8, 16, 162, 278, 363, 370, 377, 424, 489, 495, 566, 569, 709, 744, 766, 788, 790, 798, 889, 919, 955, 957, 958, 1054, 1083, 1122, 1208, 1231]\n",
      "[-75, -30, 47, 130, 182, 201, 207, 216, 220, 234, 307, 336, 356, 429, 444, 477, 493, 504, 518, 567, 687, 703, 873, 893, 907, 946, 1062, 1077, 1166, 1204]\n",
      "[-2, 24, 50, 66, 111, 208, 256, 288, 311, 419, 431, 468, 506, 531, 634, 636, 658, 660, 685, 706, 708, 716, 776, 788, 805, 847, 1088, 1140, 1201, 1226]\n",
      "[-97, -64, -62, -41, 21, 39, 60, 115, 139, 172, 179, 285, 319, 343, 345, 579, 588, 588, 645, 673, 681, 694, 716, 730, 750, 762, 942, 978, 986, 1066]\n",
      " \n",
      "0.0020003318786621094 секунд\n",
      "\n",
      " \n",
      "Пирамидальная сортировка:\n",
